0,2370
2370,2370
4740,2370
7110,2370
9480,2370
11850,2370
14220,2370
16590,2370
18960,2370
21330,2370
23700,2370
26070,2370
28440,2370
30810,2370
33180,2370
35550,2370
37920,2370
40290,2370
42660,2370
45030,2370
47400,2370
49770,2370
52140,2370
54510,2370
56880,2370
59250,2370
61620,2370
63990,2370
66360,2370
68730,2370
71100,2370
73470,2370
75840,2370
78210,2370
80580,2370
82950,2370
85320,2370
87690,2370
90060,2370
92430,2370
94800,2370
97170,2370
99540,2370
101910,2370
104280,2370
106650,2370
109020,2370
111390,2370
113760,2370
116130,2370
118500,2370
120870,2370
123240,2370
125610,2370
127980,2370
130350,2370
132720,2370
135090,2370
137460,2370
139830,2370
142200,2370
144570,2370
146940,2370
149310,2370
151680,2370
154050,2370
156420,2370
158790,2370
161160,2370
163530,2370
165900,2370
168270,2370
170640,2370
173010,2370
175380,2370
177750,2370
180120,2370
182490,2370
184860,2370
187230,2370
189600,2370
191970,2370
194340,2370
196710,2370
199080,2370
201450,2370
203820,2370
206190,2370
208560,2370
210930,2370
213300,2370
215670,2370
218040,2370
220410,2370
222780,2370
225150,2370
227520,2370
229890,2370
232260,2370
234630,2370
237000,2370
239370,2370
241740,2370
244110,2370
246480,2370
248850,2370
251220,2370
253590,2370
255960,2370
258330,2370
260700,2370
263070,2370
265440,2370
267810,2370
270180,2370
272550,2370
274920,2370
277290,2370
279660,2370
282030,2370
284400,2370
286770,2370
289140,2370
291510,2370
293880,2370
296250,2370
298620,2370
300990,2370
303360,2370
305730,2370
308100,2370
310470,2370
312840,2370
315210,2370
317580,2370
319950,2370
322320,2370
324690,2370
327060,2370
329430,2370
331800,2370
334170,2370
336540,2370
338910,2370
341280,2370
343650,2370
346020,2370
348390,2370
350760,2370
353130,2370
355500,2370
357870,2370
360240,2370
362610,2370
364980,2370
367350,2370
369720,2370
372090,2370
374460,2370
376830,2370
379200,2370
381570,2370
383940,2370
386310,2370
388680,2370
391050,2370
393420,2370
395790,2370
398160,2370
400530,2370
402900,2370
405270,2370
407640,2370
410010,2370
412380,2370
414750,2370
417120,2370
419490,2370
421860,2370
424230,2370
426600,2370
428970,2370
431340,2370
433710,2370
436080,2370
438450,2370
440820,2370
443190,2370
445560,2370
447930,2370
450300,2370
452670,2370
455040,2370
457410,2370
459780,2370
462150,2370
464520,2370
466890,2370
469260,2370
471630,2370
474000,2370
476370,2370
478740,2370
481110,2370
483480,2370
485850,2370
488220,2370
490590,2370
492960,2370
495330,2370
497700,2370
500070,2370
502440,2370
504810,2370
507180,2370
509550,2370
511920,2370
514290,2370
516660,2370
519030,2370
521400,2370
523770,2370
526140,2370
528510,2370
530880,2370
533250,2370
535620,2370
537990,2370
540360,2370
542730,2370
545100,2370
547470,2370
549840,2370
552210,2370
554580,2370
556950,2370
559320,2370
561690,2370
564060,2370
566430,2370
568800,2370
571170,2370
573540,2370
575910,2370
578280,2370
580650,2370
583020,2370
585390,2370
587760,2370
590130,2370
592500,2370
594870,2370
597240,2370
599610,2370
601980,2370
604350,2370
606720,2370
609090,2370
611460,2370
613830,2370
616200,2370
618570,2370
620940,2370
623310,2370
625680,2370
628050,2370
630420,2370
632790,2370
635160,2370
637530,2370
639900,2370
642270,2370
644640,2370
647010,2370
649380,2370
651750,2370
654120,2370
656490,2370
658860,2370
661230,2370
663600,2370
665970,2370
668340,2370
670710,2370
673080,2370
675450,2370
677820,2370
680190,2370
682560,2370
684930,2370
687300,2370
689670,2370
692040,2370
694410,2370
696780,2370
699150,2370
701520,2370
703890,2370
706260,2370
708630,2370
711000,2370
713370,2370
715740,2370
718110,2370
720480,2370
722850,2370
725220,2370
727590,2370
729960,2370
732330,2370
734700,2370
737070,2370
739440,2370
741810,2370
744180,2370
746550,2370
748920,2370
751290,2370
753660,2370
756030,2370
758400,2370
760770,2370
763140,2370
765510,2370
767880,2370
770250,2370
772620,2370
774990,2370
777360,2370
779730,2370
782100,2370
784470,2370
786840,2370
789210,2370
791580,2370
793950,2370
796320,2370
798690,2370
801060,2370
803430,2370
805800,2370
808170,2370
810540,2370
812910,2370
815280,2370
817650,2370
820020,2370
822390,2370
824760,2370
827130,2370
829500,2370
831870,2370
834240,2370
836610,2370
838980,2370
841350,2370
843720,2370
846090,2370
848460,2370
850830,2370
853200,2370
855570,2370
857940,2370
860310,2370
862680,2370
865050,2370
867420,2370
869790,2370
872160,2370
874530,2370
876900,2370
879270,2370
881640,2370
884010,2370
886380,2370
888750,2370
891120,2370
893490,2370
895860,2370
898230,2370
900600,2370
902970,2370
905340,2370
907710,2370
910080,2370
912450,2370
914820,2370
917190,2370
919560,2370
921930,2370
924300,2370
926670,2370
929040,2370
931410,2370
933780,2370
936150,2370
938520,2370
940890,2370
943260,2370
945630,2370
948000,2370
950370,2370
952740,2370
955110,2370
957480,2370
959850,2370
962220,2370
964590,2370
966960,2370
969330,2370
971700,2370
974070,2370
976440,2370
978810,2370
981180,2370
983550,2370
985920,2370
988290,2370
990660,2370
993030,2370
995400,2370
997770,2370
1000140,2370
1002510,2370
1004880,2370
1007250,2370
1009620,2370
1011990,2370
1014360,2370
1016730,2370
1019100,2370
1021470,2370
1023840,2370
1026210,2370
1028580,2370
1030950,2370
1033320,2370
1035690,2370
1038060,2370
1040430,2370
1042800,2370
1045170,2370
1047540,2370
1049910,2370
1052280,2370
1054650,2370
1057020,2370
1059390,2370
1061760,2370
1064130,2370
1066500,2370
1068870,2370
1071240,2370
1073610,2370
1075980,2370
1078350,2370
1080720,2370
1083090,2370
1085460,2370
1087830,2370
1090200,2370
1092570,2370
1094940,2370
1097310,2370
1099680,2370
1102050,2370
1104420,2370
1106790,2370
1109160,2370
1111530,2370
1113900,2370
1116270,2370
1118640,2370
1121010,2370
1123380,2370
1125750,2370
1128120,2370
1130490,2370
1132860,2370
1135230,2370
1137600,2370
1139970,2370
1142340,2370
1144710,2370
1147080,2370
1149450,2370
1151820,2370
1154190,2370
1156560,2370
1158930,2370
1161300,2370
1163670,2370
1166040,2370
1168410,2370
1170780,2370
1173150,2370
1175520,2370
1177890,2370
1180260,2370
1182630,2370
1185000,2370
1187370,2370
1189740,2370
1192110,2370
1194480,2370
1196850,2370
1199220,2370
1201590,2370
1203960,2370
1206330,2370
1208700,2370
1211070,2370
1213440,2370
1215810,2370
1218180,2370
1220550,2370
1222920,2370
1225290,2370
1227660,2370
1230030,2370
1232400,2370
1234770,2370
1237140,2370
1239510,2370
1241880,2370
1244250,2370
1246620,2370
1248990,2370
1251360,2370
1253730,2370
1256100,2370
1258470,2370
1260840,2370
1263210,2370
1265580,2370
1267950,2370
1270320,2370
1272690,2370
1275060,2370
1277430,2370
1279800,2370
1282170,2370
1284540,2370
1286910,2370
1289280,2370
1291650,2370
1294020,2370
1296390,2370
1298760,2370
1301130,2370
1303500,2370
1305870,2370
1308240,2370
1310610,2370
1312980,2370
1315350,2370
1317720,2370
1320090,2370
1322460,2370
1324830,2370
1327200,2370
1329570,2370
1331940,2370
1334310,2370
1336680,2370
1339050,2370
1341420,2370
1343790,2370
1346160,2370
1348530,2370
1350900,2370
1353270,2370
1355640,2370
1358010,2370
1360380,2370
1362750,2370
1365120,2370
1367490,2370
1369860,2370
1372230,2370
1374600,2370
1376970,2370
1379340,2370
1381710,2370
1384080,2370
1386450,2370
1388820,2370
1391190,2370
1393560,2370
1395930,2370
1398300,2370
1400670,2370
1403040,2370
1405410,2370
1407780,2370
1410150,2370
1412520,2370
1414890,2370
1417260,2370
1419630,2370
1422000,2370
1424370,2370
1426740,2370
1429110,2370
1431480,2370
1433850,2370
1436220,2370
1438590,2370
1440960,2370
1443330,2370
1445700,2370
1448070,2370
1450440,2370
1452810,2370
1455180,2370
1457550,2370
1459920,2370
1462290,2370
1464660,2370
1467030,2370
1469400,2370
1471770,2370
1474140,2370
1476510,2370
1478880,2370
1481250,2370
1483620,2370
1485990,2370
1488360,2370
1490730,2370
1493100,2370
1495470,2370
1497840,2370
1500210,2370
1502580,2370
1504950,2370
1507320,2370
1509690,2370
1512060,2370
1514430,2370
1516800,2370
1519170,2370
1521540,2370
1523910,2370
1526280,2370
1528650,2370
1531020,2370
1533390,2370
1535760,2370
1538130,2370
1540500,2370
1542870,2370
1545240,2370
1547610,2370
1549980,2370
1552350,2370
1554720,2370
1557090,2370
1559460,2370
1561830,2370
1564200,2370
1566570,2370
1568940,2370
1571310,2370
1573680,2370
1576050,2370
1578420,2370
1580790,2370
1583160,2370
1585530,2370
1587900,2370
1590270,2370
1592640,2370
1595010,2370
1597380,2370
1599750,2370
1602120,2370
1604490,2370
1606860,2370
1609230,2370
1611600,2370
1613970,2370
1616340,2370
1618710,2370
1621080,2370
1623450,2370
1625820,2370
1628190,2370
1630560,2370
1632930,2370
1635300,2370
1637670,2370
1640040,2370
1642410,2370
1644780,2370
1647150,2370
1649520,2370
1651890,2370
1654260,2370
1656630,2370
1659000,2370
1661370,2370
1663740,2370
1666110,2370
1668480,2370
1670850,2370
1673220,2370
1675590,2370
1677960,2370
1680330,2370
1682700,2370
1685070,2370
1687440,2370
1689810,2370
1692180,2370
1694550,2370
1696920,2370
1699290,2370
1701660,2370
1704030,2370
1706400,2370
1708770,2370
1711140,2370
1713510,2370
1715880,2370
1718250,2370
1720620,2370
1722990,2370
1725360,2370
1727730,2370
1730100,2370
1732470,2370
1734840,2370
1737210,2370
1739580,2370
1741950,2370
1744320,2370
1746690,2370
1749060,2370
1751430,2370
1753800,2370
1756170,2370
1758540,2370
1760910,2370
1763280,2370
1765650,2370
1768020,2370
1770390,2370
1772760,2370
1775130,2370
1777500,2370
1779870,2370
1782240,2370
1784610,2370
1786980,2370
1789350,2370
1791720,2370
1794090,2370
1796460,2370
1798830,2370
1801200,2370
1803570,2370
1805940,2370
1808310,2370
1810680,2370
1813050,2370
1815420,2370
1817790,2370
1820160,2370
1822530,2370
1824900,2370
1827270,2370
1829640,2370
1832010,2370
1834380,2370
1836750,2370
1839120,2370
1841490,2370
1843860,2370
1846230,2370
1848600,2370
1850970,2370
1853340,2370
1855710,2370
1858080,2370
1860450,2370
1862820,2370
1865190,2370
1867560,2370
1869930,2370
1872300,2370
1874670,2370
1877040,2370
1879410,2370
1881780,2370
1884150,2370
1886520,2370
1888890,2370
1891260,2370
1893630,2370
1896000,2370
1898370,2370
1900740,2370
1903110,2370
1905480,2370
1907850,2370
1910220,2370
1912590,2370
1914960,2370
1917330,2370
1919700,2370
1922070,2370
1924440,2370
1926810,2370
1929180,2370
1931550,2370
1933920,2370
1936290,2370
1938660,2370
1941030,2370
1943400,2370
1945770,2370
1948140,2370
1950510,2370
1952880,2370
1955250,2370
1957620,2370
1959990,2370
1962360,2370
1964730,2370
1967100,2370
1969470,2370
1971840,2370
1974210,2370
1976580,2370
1978950,2370
1981320,2370
1983690,2370
1986060,2370
1988430,2370
1990800,2370
1993170,2370
1995540,2370
1997910,2370
2000280,2370
2002650,2370
2005020,2370
2007390,2370
2009760,2370
2012130,2370
2014500,2370
2016870,2370
2019240,2370
2021610,2370
2023980,2370
2026350,2370
2028720,2370
2031090,2370
2033460,2370
2035830,2370
2038200,2370
2040570,2370
2042940,2370
2045310,2370
2047680,2370
2050050,2370
2052420,2370
2054790,2370
2057160,2370
2059530,2370
2061900,2370
2064270,2370
2066640,2370
2069010,2370
2071380,2370
2073750,2370
2076120,2370
2078490,2370
2080860,2370
2083230,2370
2085600,2370
2087970,2370
2090340,2370
2092710,2370
2095080,2370
2097450,2370
2099820,2370
2102190,2370
2104560,2370
2106930,2370
2109300,2370
2111670,2370
2114040,2370
2116410,2370
2118780,2370
2121150,2370
2123520,2370
2125890,2370
2128260,2370
2130630,2370
2133000,2370
2135370,2370
2137740,2370
2140110,2370
2142480,2370
2144850,2370
2147220,2370
2149590,2370
2151960,2370
2154330,2370
2156700,2370
2159070,2370
2161440,2370
2163810,2370
2166180,2370
2168550,2370
2170920,2370
2173290,2370
2175660,2370
2178030,2370
2180400,2370
2182770,2370
2185140,2370
2187510,2370
2189880,2370
2192250,2370
2194620,2370
2196990,2370
2199360,2370
2201730,2370
2204100,2370
2206470,2370
2208840,2370
2211210,2370
2213580,2370
2215950,2370
2218320,2370
2220690,2370
2223060,2370
2225430,2370
2227800,2370
2230170,2370
2232540,2370
2234910,2370
2237280,2370
2239650,2370
2242020,2370
2244390,2370
2246760,2370
2249130,2370
2251500,2370
2253870,2370
2256240,2370
2258610,2370
2260980,2370
2263350,2370
2265720,2370
2268090,2370
2270460,2370
2272830,2370
2275200,2370
2277570,2370
2279940,2370
2282310,2370
2284680,2370
2287050,2370
2289420,2370
2291790,2370
2294160,2370
2296530,2370
2298900,2370
2301270,2370
2303640,2370
2306010,2370
2308380,2370
2310750,2370
2313120,2370
2315490,2370
2317860,2370
2320230,2370
2322600,2370
2324970,2370
2327340,2370
2329710,2370
2332080,2370
2334450,2370
2336820,2370
2339190,2370
2341560,2370
2343930,2370
2346300,2370
2348670,2370
2351040,2370
2353410,2370
2355780,2370
2358150,2370
2360520,2370
2362890,2370
2365260,2370
2367630,2370
2370000,2370
2372370,2370
2374740,2370
2377110,2370
2379480,2370
2381850,2370
2384220,2370
2386590,2370
2388960,2370
2391330,2370
2393700,2370
2396070,2370
2398440,2370
2400810,2370
2403180,2370
2405550,2370
2407920,2370
2410290,2370
2412660,2370
2415030,2370
2417400,2370
2419770,2370
2422140,2370
2424510,2370
2426880,2370
2429250,2370
2431620,2370
2433990,2370
2436360,2370
2438730,2370
2441100,2370
2443470,2370
2445840,2370
2448210,2370
2450580,2370
2452950,2370
2455320,2370
2457690,2370
2460060,2370
2462430,2370
2464800,2370
2467170,2370
2469540,2370
2471910,2370
2474280,2370
2476650,2370
2479020,2370
2481390,2370
2483760,2370
2486130,2370
2488500,2370
2490870,2370
2493240,2370
2495610,2370
2497980,2370
2500350,2370
2502720,2370
2505090,2370
2507460,2370
2509830,2370
2512200,2370
2514570,2370
2516940,2370
2519310,2370
2521680,2370
2524050,2370
2526420,2370
2528790,2370
2531160,2370
2533530,2370
2535900,2370
2538270,2370
2540640,2370
2543010,2370
2545380,2370
2547750,2370
2550120,2370
2552490,2370
2554860,2370
2557230,2370
2559600,2370
2561970,2370
2564340,2370
2566710,2370
2569080,2370
2571450,2370
2573820,2370
2576190,2370
2578560,2370
2580930,2370
2583300,2370
2585670,2370
2588040,2370
2590410,2370
2592780,2370
2595150,2370
2597520,2370
2599890,2370
2602260,2370
2604630,2370
2607000,2370
2609370,2370
2611740,2370
2614110,2370
2616480,2370
2618850,2370
2621220,2370
2623590,2370
2625960,2370
2628330,2370
2630700,2370
2633070,2370
2635440,2370
2637810,2370
2640180,2370
2642550,2370
2644920,2370
2647290,2370
2649660,2370
2652030,2370
2654400,2370
2656770,2370
2659140,2370
2661510,2370
2663880,2370
2666250,2370
2668620,2370
2670990,2370
2673360,2370
2675730,2370
2678100,2370
2680470,2370
2682840,2370
2685210,2370
2687580,2370
2689950,2370
2692320,2370
2694690,2370
2697060,2370
2699430,2370
2701800,2370
2704170,2370
2706540,2370
2708910,2370
2711280,2370
2713650,2370
2716020,2370
2718390,2370
2720760,2370
2723130,2370
2725500,2370
2727870,2370
2730240,2370
2732610,2370
2734980,2370
2737350,2370
2739720,2370
2742090,2370
2744460,2370
2746830,2370
2749200,2370
2751570,2370
2753940,2370
2756310,2370
2758680,2370
2761050,2370
2763420,2370
2765790,2370
2768160,2370
2770530,2370
2772900,2370
2775270,2370
2777640,2370
2780010,2370
2782380,2370
2784750,2370
2787120,2370
2789490,2370
2791860,2370
2794230,2370
2796600,2370
2798970,2370
2801340,2370
2803710,2370
2806080,2370
2808450,2370
2810820,2370
2813190,2370
2815560,2370
2817930,2370
2820300,2370
2822670,2370
2825040,2370
2827410,2370
2829780,2370
2832150,2370
2834520,2370
2836890,2370
2839260,2370
2841630,2370
2844000,2370
2846370,2370
2848740,2370
2851110,2370
2853480,2370
2855850,2370
2858220,2370
2860590,2370
2862960,2370
2865330,2370
2867700,2370
2870070,2370
2872440,2370
2874810,2370
2877180,2370
2879550,2370
2881920,2370
2884290,2370
2886660,2370
2889030,2370
2891400,2370
2893770,2370
2896140,2370
2898510,2370
2900880,2370
2903250,2370
2905620,2370
2907990,2370
2910360,2370
2912730,2370
2915100,2370
2917470,2370
2919840,2370
2922210,2370
2924580,2370
2926950,2370
2929320,2370
2931690,2370
2934060,2370
2936430,2370
2938800,2370
2941170,2370
2943540,2370
2945910,2370
2948280,2370
2950650,2370
2953020,2370
2955390,2370
2957760,2370
2960130,2370
2962500,2370
2964870,2370
2967240,2370
2969610,2370
2971980,2370
2974350,2370
2976720,2370
2979090,2370
2981460,2370
2983830,2370
2986200,2370
2988570,2370
2990940,2370
2993310,2370
2995680,2370
2998050,2370
3000420,2370
3002790,2370
3005160,2370
3007530,2370
3009900,2370
3012270,2370
3014640,2370
3017010,2370
3019380,2370
3021750,2370
3024120,2370
3026490,2370
3028860,2370
3031230,2370
3033600,2370
3035970,2370
3038340,2370
3040710,2370
3043080,2370
3045450,2370
3047820,2370
3050190,2370
3052560,2370
3054930,2370
3057300,2370
3059670,2370
3062040,2370
3064410,2370
3066780,2370
3069150,2370
3071520,2370
3073890,2370
3076260,2370
3078630,2370
3081000,2370
3083370,2370
3085740,2370
3088110,2370
3090480,2370
3092850,2370
3095220,2370
3097590,2370
3099960,2370
3102330,2370
3104700,2370
3107070,2370
3109440,2370
3111810,2370
3114180,2370
3116550,2370
3118920,2370
3121290,2370
3123660,2370
3126030,2370
3128400,2370
3130770,2370
3133140,2370
3135510,2370
3137880,2370
3140250,2370
3142620,2370
3144990,2370
3147360,2370
3149730,2370
3152100,2370
3154470,2370
3156840,2370
3159210,2370
3161580,2370
3163950,2370
3166320,2370
3168690,2370
3171060,2370
3173430,2370
3175800,2370
3178170,2370
3180540,2370
3182910,2370
3185280,2370
3187650,2370
3190020,2370
3192390,2370
3194760,2370
3197130,2370
3199500,2370
3201870,2370
3204240,2370
3206610,2370
3208980,2370
3211350,2370
3213720,2370
3216090,2370
3218460,2370
3220830,2370
3223200,2370
3225570,2370
3227940,2370
3230310,2370
3232680,2370
3235050,2370
3237420,2370
3239790,2370
3242160,2370
3244530,2370
3246900,2370
3249270,2370
3251640,2370
3254010,2370
3256380,2370
3258750,2370
3261120,2370
3263490,2370
3265860,2370
3268230,2370
3270600,2370
3272970,2370
3275340,2370
3277710,2370
3280080,2370
3282450,2370
3284820,2370
3287190,2370
3289560,2370
3291930,2370
3294300,2370
3296670,2370
3299040,2370
3301410,2370
3303780,2370
3306150,2370
3308520,2370
3310890,2370
3313260,2370
3315630,2370
3318000,2370
3320370,2370
3322740,2370
3325110,2370
3327480,2370
3329850,2370
3332220,2370
3334590,2370
3336960,2370
3339330,2370
3341700,2370
3344070,2370
3346440,2370
3348810,2370
3351180,2370
3353550,2370
3355920,2370
3358290,2370
3360660,2370
3363030,2370
3365400,2370
3367770,2370
3370140,2370
3372510,2370
3374880,2370
3377250,2370
3379620,2370
3381990,2370
3384360,2370
3386730,2370
3389100,2370
3391470,2370
3393840,2370
3396210,2370
3398580,2370
3400950,2370
3403320,2370
3405690,2370
3408060,2370
3410430,2370
3412800,2370
3415170,2370
3417540,2370
3419910,2370
3422280,2370
3424650,2370
3427020,2370
3429390,2370
3431760,2370
3434130,2370
3436500,2370
3438870,2370
3441240,2370
3443610,2370
3445980,2370
3448350,2370
3450720,2370
3453090,2370
3455460,2370
3457830,2370
3460200,2370
3462570,2370
3464940,2370
3467310,2370
3469680,2370
3472050,2370
3474420,2370
3476790,2370
3479160,2370
3481530,2370
3483900,2370
3486270,2370
3488640,2370
3491010,2370
3493380,2370
3495750,2370
3498120,2370
3500490,2370
3502860,2370
3505230,2370
3507600,2370
3509970,2370
3512340,2370
3514710,2370
3517080,2370
3519450,2370
3521820,2370
3524190,2370
3526560,2370
3528930,2370
3531300,2370
3533670,2370
3536040,2370
3538410,2370
3540780,2370
3543150,2370
3545520,2370
3547890,2370
3550260,2370
3552630,2370
3555000,2370
3557370,2370
3559740,2370
3562110,2370
3564480,2370
3566850,2370
3569220,2370
3571590,2370
3573960,2370
3576330,2370
3578700,2370
3581070,2370
3583440,2370
3585810,2370
3588180,2370
3590550,2370
3592920,2370
3595290,2370
3597660,2370
3600030,2370
3602400,2370
3604770,2370
3607140,2370
3609510,2370
3611880,2370
3614250,2370
3616620,2370
3618990,2370
3621360,2370
3623730,2370
3626100,2370
3628470,2370
3630840,2370
3633210,2370
3635580,2370
3637950,2370
3640320,2370
3642690,2370
3645060,2370
3647430,2370
3649800,2370
3652170,2370
3654540,2370
3656910,2370
3659280,2370
3661650,2370
3664020,2370
3666390,2370
3668760,2370
3671130,2370
3673500,2370
3675870,2370
3678240,2370
3680610,2370
3682980,2370
3685350,2370
3687720,2370
3690090,2370
3692460,2370
3694830,2370
3697200,2370
3699570,2370
3701940,2370
3704310,2370
3706680,2370
3709050,2370
3711420,2370
3713790,2370
3716160,2370
3718530,2370
3720900,2370
3723270,2370
3725640,2370
3728010,2370
3730380,2370
3732750,2370
3735120,2370
3737490,2370
3739860,2370
3742230,2370
3744600,2370
3746970,2370
3749340,2370
3751710,2370
3754080,2370
3756450,2370
3758820,2370
3761190,2370
3763560,2370
3765930,2370
3768300,2370
3770670,2370
3773040,2370
3775410,2370
3777780,2370
3780150,2370
3782520,2370
3784890,2370
3787260,2370
3789630,2370
3792000,2370
3794370,2370
3796740,2370
3799110,2370
3801480,2370
3803850,2370
3806220,2370
3808590,2370
3810960,2370
3813330,2370
3815700,2370
3818070,2370
3820440,2370
3822810,2370
3825180,2370
3827550,2370
3829920,2370
3832290,2370
3834660,2370
3837030,2370
3839400,2370
3841770,2370
3844140,2370
3846510,2370
3848880,2370
3851250,2370
3853620,2370
3855990,2370
3858360,2370
3860730,2370
3863100,2370
3865470,2370
3867840,2370
3870210,2370
3872580,2370
3874950,2370
3877320,2370
3879690,2370
3882060,2370
3884430,2370
3886800,2370
3889170,2370
3891540,2370
3893910,2370
3896280,2370
3898650,2370
3901020,2370
3903390,2370
3905760,2370
3908130,2370
3910500,2370
3912870,2370
3915240,2370
3917610,2370
3919980,2370
3922350,2370
3924720,2370
3927090,2370
3929460,2370
3931830,2370
3934200,2370
3936570,2370
3938940,2370
3941310,2370
3943680,2370
3946050,2370
3948420,2370
3950790,2370
3953160,2370
3955530,2370
3957900,2370
3960270,2370
3962640,2370
3965010,2370
3967380,2370
3969750,2370
3972120,2370
3974490,2370
3976860,2370
3979230,2370
3981600,2370
3983970,2370
3986340,2370
3988710,2370
3991080,2370
3993450,2370
3995820,2370
3998190,2370
4000560,2370
4002930,2370
4005300,2370
4007670,2370
4010040,2370
4012410,2370
4014780,2370
4017150,2370
4019520,2370
4021890,2370
4024260,2370
4026630,2370
4029000,2370
4031370,2370
4033740,2370
4036110,2370
4038480,2370
4040850,2370
4043220,2370
4045590,2370
4047960,2370
4050330,2370
4052700,2370
4055070,2370
4057440,2370
4059810,2370
4062180,2370
4064550,2370
4066920,2370
4069290,2370
4071660,2370
4074030,2370
4076400,2370
4078770,2370
4081140,2370
4083510,2370
4085880,2370
4088250,2370
4090620,2370
4092990,2370
4095360,2370
4097730,2370
4100100,2370
4102470,2370
4104840,2370
4107210,2370
4109580,2370
4111950,2370
4114320,2370
4116690,2370
4119060,2370
4121430,2370
4123800,2370
4126170,2370
4128540,2370
4130910,2370
4133280,2370
4135650,2370
4138020,2370
4140390,2370
4142760,2370
4145130,2370
4147500,2370
4149870,2370
4152240,2370
4154610,2370
4156980,2370
4159350,2370
4161720,2370
4164090,2370
4166460,2370
4168830,2370
4171200,2370
4173570,2370
4175940,2370
4178310,2370
4180680,2370
4183050,2370
4185420,2370
4187790,2370
4190160,2370
4192530,2370
4194900,2370
4197270,2370
4199640,2370
4202010,2370
4204380,2370
4206750,2370
4209120,2370
4211490,2370
4213860,2370
4216230,2370
4218600,2370
4220970,2370
4223340,2370
4225710,2370
4228080,2370
4230450,2370
4232820,2370
4235190,2370
4237560,2370
4239930,2370
4242300,2370
4244670,2370
4247040,2370
4249410,2370
4251780,2370
4254150,2370
4256520,2370
4258890,2370
4261260,2370
4263630,2370
4266000,2370
4268370,2370
4270740,2370
4273110,2370
4275480,2370
4277850,2370
4280220,2370
4282590,2370
4284960,2370
4287330,2370
4289700,2370
4292070,2370
4294440,2370
4296810,2370
4299180,2370
4301550,2370
4303920,2370
4306290,2370
4308660,2370
4311030,2370
4313400,2370
4315770,2370
4318140,2370
4320510,2370
4322880,2370
4325250,2370
4327620,2370
4329990,2370
4332360,2370
4334730,2370
4337100,2370
4339470,2370
4341840,2370
4344210,2370
4346580,2370
4348950,2370
4351320,2370
4353690,2370
4356060,2370
4358430,2370
4360800,2370
4363170,2370
4365540,2370
4367910,2370
4370280,2370
4372650,2370
4375020,2370
4377390,2370
4379760,2370
4382130,2370
4384500,2370
4386870,2370
4389240,2370
4391610,2370
4393980,2370
4396350,2370
4398720,2370
4401090,2370
4403460,2370
4405830,2370
4408200,2370
4410570,2370
4412940,2370
4415310,2370
4417680,2370
4420050,2370
4422420,2370
4424790,2370
4427160,2370
4429530,2370
4431900,2370
4434270,2370
4436640,2370
4439010,2370
4441380,2370
4443750,2370
4446120,2370
4448490,2370
4450860,2370
4453230,2370
4455600,2370
4457970,2370
4460340,2370
4462710,2370
4465080,2370
4467450,2370
4469820,2370
4472190,2370
4474560,2370
4476930,2370
4479300,2370
4481670,2370
4484040,2370
4486410,2370
4488780,2370
4491150,2370
4493520,2370
4495890,2370
4498260,2370
4500630,2370
4503000,2370
4505370,2370
4507740,2370
4510110,2370
4512480,2370
4514850,2370
4517220,2370
4519590,2370
4521960,2370
4524330,2370
4526700,2370
4529070,2370
4531440,2370
4533810,2370
4536180,2370
4538550,2370
4540920,2370
4543290,2370
4545660,2370
4548030,2370
4550400,2370
4552770,2370
4555140,2370
4557510,2370
4559880,2370
4562250,2370
4564620,2370
4566990,2370
4569360,2370
4571730,2370
4574100,2370
4576470,2370
4578840,2370
4581210,2370
4583580,2370
4585950,2370
4588320,2370
4590690,2370
4593060,2370
4595430,2370
4597800,2370
4600170,2370
4602540,2370
4604910,2370
4607280,2370
4609650,2370
4612020,2370
4614390,2370
4616760,2370
4619130,2370
4621500,2370
4623870,2370
4626240,2370
4628610,2370
4630980,2370
4633350,2370
4635720,2370
4638090,2370
4640460,2370
4642830,2370
4645200,2370
4647570,2370
4649940,2370
4652310,2370
4654680,2370
4657050,2370
4659420,2370
4661790,2370
4664160,2370
4666530,2370
4668900,2370
4671270,2370
4673640,2370
4676010,2370
4678380,2370
4680750,2370
4683120,2370
4685490,2370
4687860,2370
4690230,2370
4692600,2370
4694970,2370
4697340,2370
4699710,2370
4702080,2370
4704450,2370
4706820,2370
4709190,2370
4711560,2370
4713930,2370
4716300,2370
4718670,2370
4721040,2370
4723410,2370
4725780,2370
4728150,2370
4730520,2370
4732890,2370
4735260,2370
4737630,2370
4740000,2370
4742370,2370
4744740,2370
4747110,2370
4749480,2370
4751850,2370
4754220,2370
4756590,2370
4758960,2370
4761330,2370
4763700,2370
4766070,2370
4768440,2370
4770810,2370
4773180,2370
4775550,2370
4777920,2370
4780290,2370
4782660,2370
4785030,2370
4787400,2370
4789770,2370
4792140,2370
4794510,2370
4796880,2370
4799250,2370
4801620,2370
4803990,2370
4806360,2370
4808730,2370
4811100,2370
4813470,2370
4815840,2370
4818210,2370
4820580,2370
4822950,2370
4825320,2370
4827690,2370
4830060,2370
4832430,2370
4834800,2370
4837170,2370
4839540,2370
4841910,2370
4844280,2370
4846650,2370
4849020,2370
4851390,2370
4853760,2370
4856130,2370
4858500,2370
4860870,2370
4863240,2370
4865610,2370
4867980,2370
4870350,2370
4872720,2370
4875090,2370
4877460,2370
4879830,2370
4882200,2370
4884570,2370
4886940,2370
4889310,2370
4891680,2370
4894050,2370
4896420,2370
4898790,2370
4901160,2370
4903530,2370
4905900,2370
4908270,2370
4910640,2370
4913010,2370
4915380,2370
4917750,2370
4920120,2370
4922490,2370
4924860,2370
4927230,2370
4929600,2370
4931970,2370
4934340,2370
4936710,2370
4939080,2370
4941450,2370
4943820,2370
4946190,2370
4948560,2370
4950930,2370
4953300,2370
4955670,2370
4958040,2370
4960410,2370
4962780,2370
4965150,2370
4967520,2370
4969890,2370
4972260,2370
4974630,2370
4977000,2370
4979370,2370
4981740,2370
4984110,2370
4986480,2370
4988850,2370
4991220,2370
4993590,2370
4995960,2370
4998330,2370
5000700,2370
5003070,2370
5005440,2370
5007810,2370
5010180,2370
5012550,2370
5014920,2370
5017290,2370
5019660,2370
5022030,2370
5024400,2370
5026770,2370
5029140,2370
5031510,2370
5033880,2370
5036250,2370
5038620,2370
5040990,2370
5043360,2370
5045730,2370
5048100,2370
5050470,2370
5052840,2370
5055210,2370
5057580,2370
5059950,2370
5062320,2370
5064690,2370
5067060,2370
5069430,2370
5071800,2370
5074170,2370
5076540,2370
5078910,2370
5081280,2370
5083650,2370
5086020,2370
5088390,2370
5090760,2370
5093130,2370
5095500,2370
5097870,2370
5100240,2370
5102610,2370
5104980,2370
5107350,2370
5109720,2370
5112090,2370
5114460,2370
5116830,2370
5119200,2370
5121570,2370
5123940,2370
5126310,2370
5128680,2370
5131050,2370
5133420,2370
5135790,2370
5138160,2370
5140530,2370
5142900,2370
5145270,2370
5147640,2370
5150010,2370
5152380,2370
5154750,2370
5157120,2370
5159490,2370
5161860,2370
5164230,2370
5166600,2370
5168970,2370
5171340,2370
5173710,2370
5176080,2370
5178450,2370
5180820,2370
5183190,2370
5185560,2370
5187930,2370
5190300,2370
5192670,2370
5195040,2370
5197410,2370
5199780,2370
5202150,2370
5204520,2370
5206890,2370
5209260,2370
5211630,2370
5214000,2370
5216370,2370
5218740,2370
5221110,2370
5223480,2370
5225850,2370
5228220,2370
5230590,2370
5232960,2370
5235330,2370
5237700,2370
5240070,2370
5242440,2370
5244810,2370
5247180,2370
5249550,2370
5251920,2370
5254290,2370
5256660,2370
5259030,2370
5261400,2370
5263770,2370
5266140,2370
5268510,2370
5270880,2370
5273250,2370
5275620,2370
5277990,2370
5280360,2370
5282730,2370
5285100,2370
5287470,2370
5289840,2370
5292210,2370
5294580,2370
5296950,2370
5299320,2370
5301690,2370
5304060,2370
5306430,2370
5308800,2370
5311170,2370
5313540,2370
5315910,2370
5318280,2370
5320650,2370
5323020,2370
5325390,2370
5327760,2370
5330130,2370
5332500,2370
5334870,2370
5337240,2370
5339610,2370
5341980,2370
5344350,2370
5346720,2370
5349090,2370
5351460,2370
5353830,2370
5356200,2370
5358570,2370
5360940,2370
5363310,2370
5365680,2370
5368050,2370
5370420,2370
5372790,2370
5375160,2370
5377530,2370
5379900,2370
5382270,2370
5384640,2370
5387010,2370
5389380,2370
5391750,2370
5394120,2370
5396490,2370
5398860,2370
5401230,2370
5403600,2370
5405970,2370
5408340,2370
5410710,2370
5413080,2370
5415450,2370
5417820,2370
5420190,2370
5422560,2370
5424930,2370
5427300,2370
5429670,2370
5432040,2370
5434410,2370
5436780,2370
5439150,2370
5441520,2370
5443890,2370
5446260,2370
5448630,2370
5451000,2370
5453370,2370
5455740,2370
5458110,2370
5460480,2370
5462850,2370
5465220,2370
5467590,2370
5469960,2370
5472330,2370
5474700,2370
5477070,2370
5479440,2370
5481810,2370
5484180,2370
5486550,2370
5488920,2370
5491290,2370
5493660,2370
5496030,2370
5498400,2370
5500770,2370
5503140,2370
5505510,2370
5507880,2370
5510250,2370
5512620,2370
5514990,2370
5517360,2370
5519730,2370
5522100,2370
5524470,2370
5526840,2370
5529210,2370
5531580,2370
5533950,2370
5536320,2370
5538690,2370
5541060,2370
5543430,2370
5545800,2370
5548170,2370
5550540,2370
5552910,2370
5555280,2370
5557650,2370
5560020,2370
5562390,2370
5564760,2370
5567130,2370
5569500,2370
5571870,2370
5574240,2370
5576610,2370
5578980,2370
5581350,2370
5583720,2370
5586090,2370
5588460,2370
5590830,2370
5593200,2370
5595570,2370
5597940,2370
5600310,2370
5602680,2370
5605050,2370
5607420,2370
5609790,2370
5612160,2370
5614530,2370
5616900,2370
5619270,2370
5621640,2370
5624010,2370
5626380,2370
5628750,2370
5631120,2370
5633490,2370
5635860,2370
5638230,2370
5640600,2370
5642970,2370
5645340,2370
5647710,2370
5650080,2370
5652450,2370
5654820,2370
5657190,2370
5659560,2370
5661930,2370
5664300,2370
5666670,2370
5669040,2370
5671410,2370
5673780,2370
5676150,2370
5678520,2370
5680890,2370
5683260,2370
5685630,2370
5688000,2370
5690370,2370
5692740,2370
5695110,2370
5697480,2370
5699850,2370
5702220,2370
5704590,2370
5706960,2370
5709330,2370
5711700,2370
5714070,2370
5716440,2370
5718810,2370
5721180,2370
5723550,2370
5725920,2370
5728290,2370
5730660,2370
5733030,2370
5735400,2370
5737770,2370
5740140,2370
5742510,2370
5744880,2370
5747250,2370
5749620,2370
5751990,2370
5754360,2370
5756730,2370
5759100,2370
5761470,2370
5763840,2370
5766210,2370
5768580,2370
5770950,2370
5773320,2370
5775690,2370
5778060,2370
5780430,2370
5782800,2370
5785170,2370
5787540,2370
5789910,2370
5792280,2370
5794650,2370
5797020,2370
5799390,2370
5801760,2370
5804130,2370
5806500,2370
5808870,2370
5811240,2370
5813610,2370
5815980,2370
5818350,2370
5820720,2370
5823090,2370
5825460,2370
5827830,2370
5830200,2370
5832570,2370
5834940,2370
5837310,2370
5839680,2370
5842050,2370
5844420,2370
5846790,2370
5849160,2370
5851530,2370
5853900,2370
5856270,2370
5858640,2370
5861010,2370
5863380,2370
5865750,2370
5868120,2370
5870490,2370
5872860,2370
5875230,2370
5877600,2370
5879970,2370
5882340,2370
5884710,2370
5887080,2370
5889450,2370
5891820,2370
5894190,2370
5896560,2370
5898930,2370
5901300,2370
5903670,2370
5906040,2370
5908410,2370
5910780,2370
5913150,2370
5915520,2370
5917890,2370
5920260,2370
5922630,2370
5925000,2370
5927370,2370
5929740,2370
5932110,2370
5934480,2370
5936850,2370
5939220,2370
5941590,2370
5943960,2370
5946330,2370
5948700,2370
5951070,2370
5953440,2370
5955810,2370
5958180,2370
5960550,2370
5962920,2370
5965290,2370
5967660,2370
5970030,2370
5972400,2370
5974770,2370
5977140,2370
5979510,2370
5981880,2370
5984250,2370
5986620,2370
5988990,2370
5991360,2370
5993730,2370
5996100,2370
5998470,2370
6000840,2370
6003210,2370
6005580,2370
6007950,2370
6010320,2370
6012690,2370
6015060,2370
6017430,2370
6019800,2370
6022170,2370
6024540,2370
6026910,2370
6029280,2370
6031650,2370
6034020,2370
6036390,2370
6038760,2370
6041130,2370
6043500,2370
6045870,2370
6048240,2370
6050610,2370
6052980,2370
6055350,2370
6057720,2370
6060090,2370
6062460,2370
6064830,2370
6067200,2370
6069570,2370
6071940,2370
6074310,2370
6076680,2370
6079050,2370
6081420,2370
6083790,2370
6086160,2370
6088530,2370
6090900,2370
6093270,2370
6095640,2370
6098010,2370
6100380,2370
6102750,2370
6105120,2370
6107490,2370
6109860,2370
6112230,2370
6114600,2370
6116970,2370
6119340,2370
6121710,2370
6124080,2370
6126450,2370
6128820,2370
6131190,2370
6133560,2370
6135930,2370
6138300,2370
6140670,2370
6143040,2370
6145410,2370
6147780,2370
6150150,2370
6152520,2370
6154890,2370
6157260,2370
6159630,2370
6162000,2370
6164370,2370
6166740,2370
6169110,2370
6171480,2370
6173850,2370
6176220,2370
6178590,2370
6180960,2370
6183330,2370
6185700,2370
6188070,2370
6190440,2370
6192810,2370
6195180,2370
6197550,2370
6199920,2370
6202290,2370
6204660,2370
6207030,2370
6209400,2370
6211770,2370
6214140,2370
6216510,2370
6218880,2370
6221250,2370
6223620,2370
6225990,2370
6228360,2370
6230730,2370
6233100,2370
6235470,2370
6237840,2370
6240210,2370
6242580,2370
6244950,2370
6247320,2370
6249690,2370
6252060,2370
6254430,2370
6256800,2370
6259170,2370
6261540,2370
6263910,2370
6266280,2370
6268650,2370
6271020,2370
6273390,2370
6275760,2370
6278130,2370
6280500,2370
6282870,2370
6285240,2370
6287610,2370
6289980,2370
6292350,2370
6294720,2370
6297090,2370
6299460,2370
6301830,2370
6304200,2370
6306570,2370
6308940,2370
6311310,2370
6313680,2370
6316050,2370
6318420,2370
6320790,2370
6323160,2370
6325530,2370
6327900,2370
6330270,2370
6332640,2370
6335010,2370
6337380,2370
6339750,2370
6342120,2370
6344490,2370
6346860,2370
6349230,2370
6351600,2370
6353970,2370
6356340,2370
6358710,2370
6361080,2370
6363450,2370
6365820,2370
6368190,2370
6370560,2370
6372930,2370
6375300,2370
6377670,2370
6380040,2370
6382410,2370
6384780,2370
6387150,2370
6389520,2370
6391890,2370
6394260,2370
6396630,2370
6399000,2370
6401370,2370
6403740,2370
6406110,2370
6408480,2370
6410850,2370
6413220,2370
6415590,2370
6417960,2370
6420330,2370
6422700,2370
6425070,2370
6427440,2370
6429810,2370
6432180,2370
6434550,2370
6436920,2370
6439290,2370
6441660,2370
6444030,2370
6446400,2370
6448770,2370
6451140,2370
6453510,2370
6455880,2370
6458250,2370
6460620,2370
6462990,2370
6465360,2370
6467730,2370
6470100,2370
6472470,2370
6474840,2370
6477210,2370
6479580,2370
6481950,2370
6484320,2370
6486690,2370
6489060,2370
6491430,2370
6493800,2370
6496170,2370
6498540,2370
6500910,2370
6503280,2370
6505650,2370
6508020,2370
6510390,2370
6512760,2370
6515130,2370
6517500,2370
6519870,2370
6522240,2370
6524610,2370
6526980,2370
6529350,2370
6531720,2370
6534090,2370
6536460,2370
6538830,2370
6541200,2370
6543570,2370
6545940,2370
6548310,2370
6550680,2370
6553050,2370
6555420,2370
6557790,2370
6560160,2370
6562530,2370
6564900,2370
6567270,2370
6569640,2370
6572010,2370
6574380,2370
6576750,2370
6579120,2370
6581490,2370
6583860,2370
6586230,2370
6588600,2370
6590970,2370
6593340,2370
6595710,2370
6598080,2370
6600450,2370
6602820,2370
6605190,2370
6607560,2370
6609930,2370
6612300,2370
6614670,2370
6617040,2370
6619410,2370
6621780,2370
6624150,2370
6626520,2370
6628890,2370
6631260,2370
6633630,2370
6636000,2370
6638370,2370
6640740,2370
6643110,2370
6645480,2370
6647850,2370
6650220,2370
6652590,2370
6654960,2370
6657330,2370
6659700,2370
6662070,2370
6664440,2370
6666810,2370
6669180,2370
6671550,2370
6673920,2370
6676290,2370
6678660,2370
6681030,2370
6683400,2370
6685770,2370
6688140,2370
6690510,2370
6692880,2370
6695250,2370
6697620,2370
6699990,2370
6702360,2370
6704730,2370
6707100,2370
6709470,2370
6711840,2370
6714210,2370
6716580,2370
6718950,2370
6721320,2370
6723690,2370
6726060,2370
6728430,2370
6730800,2370
6733170,2370
6735540,2370
6737910,2370
6740280,2370
6742650,2370
6745020,2370
6747390,2370
6749760,2370
6752130,2370
6754500,2370
6756870,2370
6759240,2370
6761610,2370
6763980,2370
6766350,2370
6768720,2370
6771090,2370
6773460,2370
6775830,2370
6778200,2370
6780570,2370
6782940,2370
6785310,2370
6787680,2370
6790050,2370
6792420,2370
6794790,2370
6797160,2370
6799530,2370
6801900,2370
6804270,2370
6806640,2370
6809010,2370
6811380,2370
6813750,2370
6816120,2370
6818490,2370
6820860,2370
6823230,2370
6825600,2370
6827970,2370
6830340,2370
6832710,2370
6835080,2370
6837450,2370
6839820,2370
6842190,2370
6844560,2370
6846930,2370
6849300,2370
6851670,2370
6854040,2370
6856410,2370
6858780,2370
6861150,2370
6863520,2370
6865890,2370
6868260,2370
6870630,2370
6873000,2370
6875370,2370
6877740,2370
6880110,2370
6882480,2370
6884850,2370
6887220,2370
6889590,2370
6891960,2370
6894330,2370
6896700,2370
6899070,2370
6901440,2370
6903810,2370
6906180,2370
6908550,2370
6910920,2370
6913290,2370
6915660,2370
6918030,2370
6920400,2370
6922770,2370
6925140,2370
6927510,2370
6929880,2370
6932250,2370
6934620,2370
6936990,2370
6939360,2370
6941730,2370
6944100,2370
6946470,2370
6948840,2370
6951210,2370
6953580,2370
6955950,2370
6958320,2370
6960690,2370
6963060,2370
6965430,2370
6967800,2370
6970170,2370
6972540,2370
6974910,2370
6977280,2370
6979650,2370
6982020,2370
6984390,2370
6986760,2370
6989130,2370
6991500,2370
6993870,2370
6996240,2370
6998610,2370
7000980,2370
7003350,2370
7005720,2370
7008090,2370
7010460,2370
7012830,2370
7015200,2370
7017570,2370
7019940,2370
7022310,2370
7024680,2370
7027050,2370
7029420,2370
7031790,2370
7034160,2370
7036530,2370
7038900,2370
7041270,2370
7043640,2370
7046010,2370
7048380,2370
7050750,2370
7053120,2370
7055490,2370
7057860,2370
7060230,2370
7062600,2370
7064970,2370
7067340,2370
7069710,2370
7072080,2370
7074450,2370
7076820,2370
7079190,2370
7081560,2370
7083930,2370
7086300,2370
7088670,2370
7091040,2370
7093410,2370
7095780,2370
7098150,2370
7100520,2370
7102890,2370
7105260,2370
7107630,2370
7110000,2370
7112370,2370
7114740,2370
7117110,2370
7119480,2370
7121850,2370
7124220,2370
7126590,2370
7128960,2370
7131330,2370
7133700,2370
7136070,2370
7138440,2370
7140810,2370
7143180,2370
7145550,2370
7147920,2370
7150290,2370
7152660,2370
7155030,2370
7157400,2370
7159770,2370
7162140,2370
7164510,2370
7166880,2370
7169250,2370
7171620,2370
7173990,2370
7176360,2370
7178730,2370
7181100,2370
7183470,2370
7185840,2370
7188210,2370
7190580,2370
7192950,2370
7195320,2370
7197690,2370
7200060,2370
7202430,2370
7204800,2370
7207170,2370
7209540,2370
7211910,2370
7214280,2370
7216650,2370
7219020,2370
7221390,2370
7223760,2370
7226130,2370
7228500,2370
7230870,2370
7233240,2370
7235610,2370
7237980,2370
7240350,2370
7242720,2370
7245090,2370
7247460,2370
7249830,2370
7252200,2370
7254570,2370
7256940,2370
7259310,2370
7261680,2370
7264050,2370
7266420,2370
7268790,2370
7271160,2370
7273530,2370
7275900,2370
7278270,2370
7280640,2370
7283010,2370
7285380,2370
7287750,2370
7290120,2370
7292490,2370
7294860,2370
7297230,2370
7299600,2370
7301970,2370
7304340,2370
7306710,2370
7309080,2370
7311450,2370
7313820,2370
7316190,2370
7318560,2370
7320930,2370
7323300,2370
7325670,2370
7328040,2370
7330410,2370
7332780,2370
7335150,2370
7337520,2370
7339890,2370
7342260,2370
7344630,2370
7347000,2370
7349370,2370
7351740,2370
7354110,2370
7356480,2370
7358850,2370
7361220,2370
7363590,2370
7365960,2370
7368330,2370
7370700,2370
7373070,2370
7375440,2370
7377810,2370
7380180,2370
7382550,2370
7384920,2370
7387290,2370
7389660,2370
7392030,2370
7394400,2370
7396770,2370
7399140,2370
7401510,2370
7403880,2370
7406250,2370
7408620,2370
7410990,2370
7413360,2370
7415730,2370
7418100,2370
7420470,2370
7422840,2370
7425210,2370
7427580,2370
7429950,2370
7432320,2370
7434690,2370
7437060,2370
7439430,2370
7441800,2370
7444170,2370
7446540,2370
7448910,2370
7451280,2370
7453650,2370
7456020,2370
7458390,2370
7460760,2370
7463130,2370
7465500,2370
7467870,2370
7470240,2370
7472610,2370
7474980,2370
7477350,2370
7479720,2370
7482090,2370
7484460,2370
7486830,2370
7489200,2370
7491570,2370
7493940,2370
7496310,2370
7498680,2370
7501050,2370
7503420,2370
7505790,2370
7508160,2370
7510530,2370
7512900,2370
7515270,2370
7517640,2370
7520010,2370
7522380,2370
7524750,2370
7527120,2370
7529490,2370
7531860,2370
7534230,2370
7536600,2370
7538970,2370
7541340,2370
7543710,2370
7546080,2370
7548450,2370
7550820,2370
7553190,2370
7555560,2370
7557930,2370
7560300,2370
7562670,2370
7565040,2370
7567410,2370
7569780,2370
7572150,2370
7574520,2370
7576890,2370
7579260,2370
7581630,2370
7584000,2370
7586370,2370
7588740,2370
7591110,2370
7593480,2370
7595850,2370
7598220,2370
7600590,2370
7602960,2370
7605330,2370
7607700,2370
7610070,2370
7612440,2370
7614810,2370
7617180,2370
7619550,2370
7621920,2370
7624290,2370
7626660,2370
7629030,2370
7631400,2370
7633770,2370
7636140,2370
7638510,2370
7640880,2370
7643250,2370
7645620,2370
7647990,2370
7650360,2370
7652730,2370
7655100,2370
7657470,2370
7659840,2370
7662210,2370
7664580,2370
7666950,2370
7669320,2370
7671690,2370
7674060,2370
7676430,2370
7678800,2370
7681170,2370
7683540,2370
7685910,2370
7688280,2370
7690650,2370
7693020,2370
7695390,2370
7697760,2370
7700130,2370
7702500,2370
7704870,2370
7707240,2370
7709610,2370
7711980,2370
7714350,2370
7716720,2370
7719090,2370
7721460,2370
7723830,2370
7726200,2370
7728570,2370
7730940,2370
7733310,2370
7735680,2370
7738050,2370
7740420,2370
7742790,2370
7745160,2370
7747530,2370
7749900,2370
7752270,2370
7754640,2370
7757010,2370
7759380,2370
7761750,2370
7764120,2370
7766490,2370
7768860,2370
7771230,2370
7773600,2370
7775970,2370
7778340,2370
7780710,2370
7783080,2370
7785450,2370
7787820,2370
7790190,2370
7792560,2370
7794930,2370
7797300,2370
7799670,2370
7802040,2370
7804410,2370
7806780,2370
7809150,2370
7811520,2370
7813890,2370
7816260,2370
7818630,2370
7821000,2370
7823370,2370
7825740,2370
7828110,2370
7830480,2370
7832850,2370
7835220,2370
7837590,2370
7839960,2370
7842330,2370
7844700,2370
7847070,2370
7849440,2370
7851810,2370
7854180,2370
7856550,2370
7858920,2370
7861290,2370
7863660,2370
7866030,2370
7868400,2370
7870770,2370
7873140,2370
7875510,2370
7877880,2370
7880250,2370
7882620,2370
7884990,2370
